<Network>
    sizes : [6, 10, 9, 8, 13];
    <Layers>
        <1>
            <weights>
                0 : [-11.681794688698242, 0.3867888343616962, 6.229179646915846, -4.364226009327275, 18.743299557203738, -2.2113770892575375];
                1 : [-12.24029991327508, -1.2125870303336839, 1.5181640894877233, -2.4195235678581963, 2.4140835914371985, -3.2527377722650734];
                2 : [0.6644044874195936, -6.475928637987951, 0.3621333767036379, -1.5038811574865816, 9.176718829253874, -3.1977819858275214];
                3 : [-13.015058216016588, -0.02337429334871825, 1.2312398207684687, 4.137804958445551, 7.4228789282695065, 8.375178395608613];
                4 : [-5.5102598749622995, 8.033661180442323, -5.864750024458467, -0.7076428038194373, 7.408205943404324, -7.094360581847984];
                5 : [-3.3720578042789913, -7.2289884169096394, -2.7294388396074907, 4.280888570889112, 9.956020809521673, 5.930421884024022];
                6 : [-1.6965602857816713, -9.706409644995691, -0.5792145044597162, -4.601985298637426, -2.779074687205673, 1.710437909314325];
                7 : [3.0869409079471737, 1.7987632515034795, 4.3493372736900655, 8.704939745297553, -4.645196999306074, -2.1666428467377425];
                8 : [3.3037948411493523, 4.3037067072059205, 9.963200089996315, -3.5703017354233104, 2.1776645329769417, -1.248915835353604];
                9 : [3.1443776410325843, 4.282508843359238, -0.27080932115893486, -3.791655182846592, 6.501137502753806, -0.7323242689989516];
            </weights>
            <biases>
                values : [-2.8408770647894253, 8.368453742129335, -1.8629755428517947, 1.2500439656831035, 1.9606452945832216, -5.411855026920116, 8.667241125979166, -5.849298229674639, -5.99995657518665, -7.841150460353887];
            </biases>
        </1>
        <2>
            <weights>
                0 : [-0.47748048933264775, -1.6335404248862866, -8.79065114347045, 1.3715291339398192, 1.9972721626454533, -6.152486383091936, -0.1111557586487233, -0.9799146756695873, 4.400873792000983, 0.11674686711389076];
                1 : [-6.20079289863989, 1.1072805311161371, -2.995614455047951, -3.5948946498030816, 2.576740341300106, 1.2999170706082068, -7.0499445545099295, 3.3214361637075864, -4.4137077455754845, -0.7994171237053127];
                2 : [1.656560621114812, -1.8894296647932483, -0.621105232868081, -10.174754124684249, 0.42769317771275084, -1.8522648118028804, -5.438528649745539, 8.06203411188105, 2.9077680728992, 2.2392334287538906];
                3 : [7.35658675249579, 1.7803416721312628, 0.9800653397837196, -7.6233249143662745, 2.4180319020938983, -3.335293497761752, -1.3889012623642338, -2.6049769313844897, 3.613498127512326, 2.7637069649515142];
                4 : [-9.843404635864585, 9.981610368845153, 0.837862574956541, 3.3157786408533907, 2.1006740828124313, 3.2287629465204812, -5.375099261040412, -1.0936415253655218, -3.8324275774242498, 2.123772619678447];
                5 : [0.358065808602242, -3.2013806165462726, -6.064074602524411, 4.648657016964681, -2.4834775373072198, 6.470806935336544, 0.795583069530501, 1.26928334593593, -1.2636492323247643, 2.2090257781831126];
                6 : [-8.830130605691236, -3.3489900551735423, -4.417473620491846, -0.3960055255848831, 3.1719923783472987, -2.5289049436884494, -1.277359530523233, 5.9037219958234015, 0.19649888550033193, -2.957233868691835];
                7 : [-1.365526400608371, 2.766820414257183, 5.145596403788937, -8.076251444013314, 9.36369944342666, -4.795901759885791, 3.8841901946117945, -1.5927472487374816, -6.613932315154892, 1.7854841280643678];
                8 : [-2.1884029098673, 0.22346204911365214, -4.546246932889848, 5.878590081561032, -1.4249832937711466, 0.285868526652177, -5.471319766922135, 5.180714694511918, -0.11863613139972083, 3.4494562577178307];
            </weights>
            <biases>
                values : [0.6144127227485527, 0.773832096952217, 0.10315545521139653, 0.916320464038975, -0.5533848876081439, 0.13744665985406465, 2.7382849897533204, 3.1478810895269733, 1.1420484558795478];
            </biases>
        </2>
        <3>
            <weights>
                0 : [3.5200912418983035, -11.466910093028819, -3.9293413067013114, -4.685312017505775, -4.474329210326231, 0.9465653662540893, 2.6517988667443624, 1.268566586049483, 8.280010498168128];
                1 : [2.414219047087472, -2.4023396169558935, -10.750935015848228, -6.392346484465255, -8.14765336369788, 1.4787469872465953, 1.4835166873832883, 10.467965948521073, -0.11664452017940674];
                2 : [2.438945268410338, -1.8264246667969528, 6.011498865093761, 2.2856476867086992, -4.710469985029879, 7.369114240942545, -10.861957559010548, -6.41420123306714, 0.7061474357185749];
                3 : [-6.5946991257368595, 4.723824064335189, -6.248537248910487, -4.674097485480479, 7.1129431120683435, 6.747195242228952, -4.937281474205633, -4.8895761649511265, -5.332758503905283];
                4 : [1.4416640646890542, 2.0679889186788265, 6.5239644880758405, 9.009272433674832, -2.9659457274321674, -1.4116093984861522, -3.6716365051047366, -0.023953660326895807, -3.3714145512736713];
                5 : [-0.1027119151800683, 0.1229258309646417, 3.177494906167182, 4.9960697086929615, -10.235771341028938, -0.9044421616785286, -2.0867112571247235, -4.99266475212571, -1.8940902403949307];
                6 : [6.011930682585637, -1.033209210542015, -1.589007513651503, 2.268081199738392, -3.053081874278612, -7.457159405986293, 3.6379800341735136, 4.330003770224019, -7.147941914301061];
                7 : [-4.07782696607229, 3.181772094253091, 1.6560678752908262, -6.88039911289134, 7.176390309515939, -2.2539769962657146, 2.9163674662594317, -0.6947759672521534, 4.917623811022183];
            </weights>
            <biases>
                values : [-2.8333009907663493, 1.3016841596660784, -1.2937635733549664, 4.97880691605347, 3.056609468218151, 3.068881218718649, -4.010167720638449, -1.0215088214482528];
            </biases>
        </3>
        <4>
            <weights>
                0 : [-5.405424784136027, -8.437461613078263, 7.699564410041748, -6.564534411649094, 1.928751625774957, 6.736714779251913, -4.0705607831300314, -6.978347400962268];
                1 : [-1.408359527529779, 7.992549645958269, -4.6617451364288955, -5.795106602543711, -2.811925616453209, -2.605961902776561, 9.287480158245534, -3.012598254650145];
                2 : [-10.70575692665848, -9.067628003444893, 3.4877920178950808, 4.12400452968067, -2.5942373150318416, -5.771354987021858, -2.286491617503974, 2.70275687495126];
                3 : [-4.452417017152868, -8.78296038356453, -7.042054867727597, -6.411594795592234, 4.014916209477052, -3.8435992874783005, -4.832161897694659, 2.838720226652616];
                4 : [6.969156991097722, -7.052693586235443, -7.13158601131978, 7.587869455304506, -5.686026459637281, -2.9999004136197063, -2.0842535972713625, -1.7715051047022679];
                5 : [4.178324604649965, 6.36586143559707, -0.31994002718293385, 7.582977535831548, -8.18596461724702, 0.7316406126468883, -1.9963879781093838, -5.35863046750688];
                6 : [2.195180680289724, -9.437738066382211, 6.71847302829451, -7.147506822062369, -10.036825277379833, -6.419450743036838, -2.321792785440313, 4.202465935106819];
                7 : [6.368856529969907, -6.888081602080442, -5.44644021628296, -4.481714921687996, -0.5471247464253318, -0.04166989729560748, 4.26455105885931, -5.007201446440247];
                8 : [4.862754071020386, 8.37014064918873, -6.238672048554553, -9.322244101508964, -3.289827282622379, -5.600274146131234, -5.382226159492908, -2.5129602409180074];
                9 : [-7.686980025250416, 6.799110787582077, -2.0712235633131697, 0.3561845617791687, -7.644312194938933, -2.3575434413931236, -0.7854498665959959, 0.8308899195931051];
                10 : [-9.175386360464593, -2.407510844797131, -1.3145430961887346, -2.877293498009057, 4.468145816622596, -7.311619344512763, -2.2101426374140227, -10.055723008384646];
                11 : [-3.9962335252068315, 4.521394869821427, -9.726725106595524, 3.907281726031989, 0.5713595456474623, 4.216486258153381, -7.027184886900028, -6.307559861635223];
                12 : [-2.7291127115727285, 4.501857823098065, 11.403758524844534, -2.111828838212783, -1.2497184962583365, -9.668083344189931, -3.2759912893693683, -7.693015958478925];
            </weights>
            <biases>
                values : [-6.391651724511043, -7.65852784213593, -3.5883615294732336, -0.928263851518587, -8.714028276484655, -9.990885128958768, -1.8097357764703101, -4.927986948242757, -5.139095846006162, -3.9689735066257965, 1.2398780401120624, -5.291414035530534, -4.377053228419684];
            </biases>
        </4>
    </Layers>
</Network>
